 1 - boss_drop(397,150,1,0.5,10,0,0,0,10,0,0,0); 10+10
 2 - boss_drop(x,y,0.5,0.5,10,3,0,0,5,1,0,0);  25+10
 3 - boss_drop(x,y,5,0.5,10,3,1,0,10,2,0,0);  35+20
 4 - boss_drop(x,y+30,5,0.5,10,3,1,0,0,0,3,0); 35+30
 5 - boss_drop(315,240,2.5,0.5,10,4,2,0,10,0,3,0); 50+40
 6 - boss_drop(x,y,2.5,0.5,15,6,3,0,0,0,5,0);  75+50
 7 - boss_drop(x,y,3,0.5,20,8,5,0,10,0,4,0);  110+50
 8 - boss_drop(315,170,3,0.5,10,5,3,0,0,0,5,0); 65+50
 9 - boss_drop(x,y,1,0.5,25,8,6,0,10,0,4,0);    125+50
10 - boss_drop(other.x,other.y,5,0.5,30,10,10,0,30,4,0,0);180+50
11 - obj_b11money (30,10,9,1,0,0,0,1)            270+100
12 - boss_drop(315,240,5,0.2,10,4,2,1,0,6,2,0); 150+50
13 - boss_drop(180,345,1,0.5,20,2,2,0,10,2,0,0); 50+20 (200+50)
     boss_drop(315,345,1,0.5,30,6,4,0,0,0,1,0);  100+10
     boss_drop(450,345,1,0.5,20,2,2,0,10,2,0,0); 50+20
14 - boss_drop(315,240,1,0.5,50,10,10,0,20,2,2,0); 200+50
15 - boss_drop(x,y,1,0.5,55,12,12,0,25,4,4,0);   235+85
16 - boss_drop(315,240,5,0.2,10,4,2,1,0,6,2,0);  150+50
17 - boss_drop(315,260,1,0.5,50,15,12,0,30,2,2,2); 245+260